 -158 -128    5
  -86  -86   53
   -5  -36   96
   47  -19  100
  118   35  118
  190  112  135
  224  178  112
  229  201   59
  238  195   33
  243  179   23
  209  138   17
  156   97   31
   57   23    9
  -50  -70  -17
  -98 -108   10
 -148 -151   11
 -181 -184    3
 -142 -154   39
 -128 -146   20
  -81 -103    7
   -4  -45   21
   38  -10   17
  107   52   45
  199  153   95
  248  224   95
  246  214   40
  275  212   23
  284  192    3
  277  169    5
  246  149   36
  138   76   27
    3  -24   -7
 -111 -106  -29
 -193 -160  -46
 -254 -199  -71
 -237 -182  -43
 -182 -143   -7
 -124 -123    5
  -21  -53   50
   69   29   80
  135   90   79
  227  179  100
  286  223   98
  282  194   58
  267  153   44
  212   94   34
  108    2    3
   11  -59   -2
  -80 -111    0
 -180 -183  -30
 -211 -174  -23
 -206 -127   -3
 -212 -121  -20
 -175  -97  -20
 -115  -71   -1
  -62  -53    0
   36   18   31
  154   93   78
  205  105   68
  229  114   46
  258  154   41
  219  146    0
  145  115  -39
   88   86  -48
   -6   16  -81
  -63  -34  -65
  -75  -61   -2
 -106 -106   24
 -117 -114   51
 -103  -82   72
  -90  -59   62
  -58  -37   70
   -9    6   96
   19   38   98
   71   84  117
  163  159  154
  230  201  152
  279  223  142
  317  249  148
  301  226  131
  223  157   91
  138  118   69
   33   75   30
  -99  -13  -38
 -160  -54  -51
 -178  -84  -42
 -194 -122  -51
 -146  -89   -8
 -108  -75   21
  -99  -82   13
  -60  -58   35
  -16  -25   54
    2   -7   21
   77   61   12
  171  132   11
  215  151  -17
  230  161   -6
  175  125   -5
   45   30  -45
  -45  -20  -42
 -109  -38  -27
 -182  -94  -55
 -226 -133  -79
 -261 -167 -112
 -290 -199 -143
 -262 -166 -115
 -203 -106  -62
 -163  -96  -52
  -90  -66  -27
   -9  -17    8
   40   -1    9
  119   57   25
  203  142   39
  214  155    2
  187  138  -22
  135  106  -24
   36   21  -48
  -54  -37  -53
 -115  -77  -50
 -190 -142  -77
 -238 -178  -88
 -236 -181  -57
 -248 -199  -55
 -214 -179  -39
 -101  -71   23
  -12   22   46
   65   92   52
  156  168   64
  214  202   57
  242  201   46
  263  207   73
  227  151   76
  156   69   59
  127   49   82
  102   41  101
   29    1   76
  -42  -34   49
 -108  -78   20
 -190 -154  -34
 -214 -186  -38
 -191 -185  -13
 -162 -166   -4
  -75  -91   41
   10  -23   84
   70   12   85
  176  100  117
  271  188  141
  294  213  109
  298  227  101
  279  208  103
  193  133   55
  103   61   21
    5  -13  -18
 -140 -144 -105
 -232 -250 -122
 -281 -319  -93
 -346 -396  -99
 -359 -408  -82
 -327 -361  -62
 -304 -312  -92
 -229 -225 -102
 -112  -97  -74
  -19    3  -79
  104  121  -53
  248  253   13
  296  303   20
  279  281   11
  234  236   18
  122  136   -7
   -3   18  -40
  -88  -64  -47
 -178 -163  -81
 -223 -224 -101
 -203 -214  -70
 -182 -193  -55
 -150 -149  -50
  -94  -75  -31
  -40   -7  -33
    8   45  -54
   78  103  -58
  143  152  -66
  178  169  -82
  208  193  -67
  186  184  -43
  100  112  -32
   32   64   14
  -42   -7   39
 -117  -86   38
 -146 -123   51
 -155 -141   58
 -176 -167   22
 -176 -166    0
 -170 -154  -13
 -167 -158  -32
 -107  -91    7
  -42  -10   35
    1   46   18
   59  118    5
   89  153  -22
   72  133  -77
   77  142  -80
   70  135  -53
   -1   54  -63
  -70  -22  -48
 -108  -64   -6
 -162 -137    2
 -179 -185   17
 -170 -201   35
 -197 -233   -6
 -187 -197  -30
 -135 -119  -21
  -78  -45  -38
   -4   27  -58
   75  117  -54
  133  185  -67
  166  219  -87
  198  255  -66
  192  256  -50
  139  222  -34
   72  171    6
  -32   74   14
 -171  -60  -29
 -245 -161  -36
 -279 -235  -42
 -288 -282  -49
 -229 -262   -7
 -162 -196   23
  -96 -115   37
  -21  -29   57
   10   25   30
   16   52  -32
   64  116  -70
  127  187  -88
  183  244  -87
  238  290  -36
  228  272   16
  134  188   28
   49  112   52
  -17   43   77
 -102  -44   48
 -146 -111   22
 -143 -136   10
 -157 -160  -32
 -127 -142  -41
  -58  -95  -23
  -36  -84  -57
   36    0  -42
  115  104   -5
  128  151  -33
  163  204  -51
  198  239  -52
  171  212  -81
  123  160  -86
   57  100  -60
  -54   -7  -69
 -150  -87  -69
 -208 -154  -48
 -261 -238  -54
 -257 -252  -48
 -159 -168   19
  -96  -94   32
  -71  -49    0
  -19    6    1
    3   45  -25
   48   88  -41
  141  163  -12
  199  195  -12
  230  192  -26
  239  205    0
  172  151   21
   73   56   42
   10    2   95
  -64  -53  102
 -138 -129   58
 -146 -144   50
 -154 -145   39
 -169 -150   12
 -153 -125    9
 -165 -130  -36
 -168 -131  -92
  -95  -63  -74
  -18   19  -54
   58   93  -58
  168  199  -34
  220  244  -40
  217  238  -55
  198  216  -22
  130  148   11
   33   64   15
  -50  -15   12
 -130 -111   -1
 -192 -178  -31
 -186 -167  -24
 -158 -136  -11
 -146 -115  -34
 -108  -84  -37
  -46  -32  -15
    1    6  -16
   59   69   -9
  135  153    1
  191  204  -22
  238  234  -29
  252  224  -10
  191  137  -18
  120   63  -24
   50   15  -12
  -33  -55  -11
  -86  -99   11
  -72 -101   73
  -48 -106  112
  -18  -84  120
   40  -15  152
   45    2  140
   46   14  113
   79   55  118
   93   72   92
  115   88   52
  201  163   81
  274  217  102
  312  228  107
  326  238  143
  249  178  141
  145   92  137
   66   30  156
  -25  -45  134
  -96 -113   89
  -82 -103   91
  -66  -83   91
  -77  -96   67
  -43  -51   82
  -14   -7   85
   10   18   60
   83   60   68
  137   75   62
  148   77   21
  193  130   32
  212  159   49
  178  136   26
  167  120   39
  122   67   31
   51    4   -4
   13  -24   -3
  -19  -53   16
  -54  -79   19
  -49  -70   37
  -12  -43   69
  -16  -48   46
  -30  -46   13
   -6   -1   23
   -1   25    7
   21   59    2
   74   92   33
  102   85   17
  144  113    3
  193  147   11
  163  113  -21
  102   66  -43
   51   35  -10
  -49  -35  -22
 -135  -95  -52
 -127  -90  -28
 -124  -86  -36
 -101  -68  -41
  -42  -12  -18
  -31    6  -36
  -26   12  -60
   28   60  -30
   39   62  -33
   21   39  -59
  120   62  116
  119   74   76
  117  102   40
  116  148   28
   64  133  -11
   -5  101  -51
  -44   73  -60
 -103   12  -99
 -138  -45 -132
 -120  -63 -115
 -109  -80  -95
 -103  -90  -85
  -69  -50  -44
  -67  -37  -29
  -84  -47  -42
  -61  -35  -27
  -33  -17  -12
   -6   -6  -17
   88   73   34
  168  150   90
  171  152   89
  157  142   87
  104  109   47
    8   46  -34
  -47   27  -74
  -64   38  -61
 -112   -7  -86
 -131  -42  -83
 -105  -48  -34
  -90  -79   -8
  -36  -69   50
   30  -29  104
   43  -16   80
   85   35   79
  140  104   95
  130  100   57
  124   92   37
  128  108   33
   96   87    9
   73   78   12
   68   86   42
   14   30   35
  -37  -16   26
  -51  -26   38
  -98  -71    7
 -113  -87    0
  -93  -69   34
  -98  -76   32
  -47  -42   51
   69   31  109
  147   58  118
  203   82  121
  234  114  125
  188   99   69
  145   76   22
  139   75   21
  116   58   19
   80   54   18
   56   65   30
   12   53   17
  -42   19   -3
  -74   -6    3
 -116  -40  -10
 -157  -89  -38
 -118  -69    2
  -47  -25   55
   13   -9   75
  116   46  128
  178   70  148
  184   55  117
  230   92  134
  243  107  141
  168   57   66
  121   59   27
   58   67  -17
  -62    2 -113
 -126  -47 -141
 -165  -85 -135
 -213 -143 -146
 -204 -142  -98
 -162 -129  -20
 -131 -131    8
  -65  -88   39
   16  -21   73
  102   48   97
  171   98  116
  222  151  122
  233  188   72
  215  201   -2
  223  208  -30
  188  163  -48
  115   95  -41
   54   51    7
  -22    1   34
 -112  -65   29
 -170 -101   37
 -255 -159    7
 -339 -225  -35
 -321 -214   -1
 -255 -181   29
 -156 -132   21
   10  -22   44
  148   54   31
  230  113    0
  301  212   25
  263  235    5
  162  197  -42
   73  141  -67
  -36   43 -113
 -100  -20 -128
 -123  -29  -98
 -158  -52  -67
 -210  -89  -48
 -249 -114  -18
 -266 -129   10
 -256 -145   18
 -198 -120   47
 -120  -79   71
  -57  -54   58
   28   14   67
  116   77   80
  177  111   48
  270  182   39
  359  247   51
  371  252   26
  348  246   38
  273  207   57
  120  109   13
  -12   27  -15
  -99  -26  -30
 -199  -92  -78
 -258 -132  -93
 -235 -112  -46
 -175  -92   -4
  -76  -61   38
   72   24  105
  183   90  128
  245  130  136
  259  150  161
  185   96  132
   98   46   77
   68   46   40
   67   60   -6
